TRACT	PUMA	AFACT	POP	AGE<5	AGE_5_9	AGE_10_14	AGE_15_19	AGE_20_24	AGE_25_29	AGE_30_34	AGE_35_39	AGE_40_44	AGE_45_49	AGE_50_54	AGE_55_59	AGE_60_64	AGE_65_69	AGE_70_74	AGE_75_79	AGE_80_84	AGE_85_+	GEN_MALE	GEN_FEM	RACE_WHT	RACE_BLK	RACE_IND	RACE_ASN	RACE_HAW	RACE_OTH	RACE_TWO	RACE_HSP	HH_COUNT	HHT_OWN_FAM_MAR	HHT_OWN_FAM_OTH	HHT_OWN_MALE_SINGLE	HHT_OWN_MALE_OTHER	HHT_OWN_FEM_SINGLE	HHT_OWN_FEM_OTHER	HHT_RENT_FAM_MAR	HHT_RENT_FAM_OTH	HHT_RENT_MALE_SINGLE	HHT_RENT_MALE_OTHER	HHT_RENT_FEM_SINGLE	HHT_RENT_FEM_OTHER	HHS_1	HHS_2	HHS_3	HHS_4	HHS_5	HHS_6	HHS_7+	IN_CMA
17197881200	1703102	1	4837	516	495	399	388	335	420	370	329	298	265	238	225	177	124	98	80	46	34	2305	2532	650	2837	7	6	0	10	63	1264	1505	393	197	69	14	73	9	173	428	46	30	62	11	250	372	313	262	162	69	77	1
17197881301	1703102	1	3404	367	344	284	272	273	312	289	236	242	190	146	104	103	88	52	43	33	26	1814	1590	176	178	1	1	0	4	14	3030	867	314	96	35	8	26	4	178	137	21	20	20	8	102	156	127	164	137	90	91	1
17197881302	1703102	1	1818	204	153	120	159	162	164	162	132	123	123	90	60	70	36	20	16	8	16	978	840	117	111	3	2	0	0	3	1582	482	162	58	12	3	16	1	87	86	17	18	13	9	58	93	86	95	56	46	48	1
17197881401	1703102	1	3259	299	289	250	191	252	301	266	279	227	182	153	147	114	71	61	51	56	70	1638	1621	1544	243	5	20	0	0	69	1378	1144	380	116	120	24	101	12	107	133	66	19	49	17	336	280	172	142	99	64	51	1
17197881402	1703102	1	3104	209	230	168	169	177	265	251	215	208	204	212	175	143	117	82	96	104	79	1494	1610	2089	239	3	38	1	3	50	681	1260	484	151	134	35	184	18	57	93	28	20	43	13	389	388	204	155	74	30	20	1
17197881500	1703102	1	3284	259	225	206	184	137	284	244	204	197	211	224	157	135	107	94	100	137	179	1575	1709	2363	163	1	38	0	0	31	688	1190	556	162	138	32	140	18	41	48	22	4	15	14	315	378	197	159	87	33	21	1
17197881700	1703102	1	3421	204	226	192	169	165	219	240	208	244	225	341	253	215	149	106	88	87	90	1665	1756	2831	110	3	45	0	8	34	390	1410	693	127	135	41	183	30	45	51	31	14	50	10	399	511	201	168	83	32	16	1
17197881800	1703102	1	4049	425	316	282	292	412	367	374	292	249	260	224	178	142	83	53	37	30	33	2021	2028	1656	487	7	53	1	3	58	1784	1320	395	127	91	22	86	9	148	206	93	31	76	36	346	301	229	184	137	61	62	1
17197881900	1703102	1	3896	574	375	247	248	461	373	269	236	237	204	189	116	105	63	60	56	29	54	1850	2046	677	1657	10	36	1	3	75	1437	1479	133	56	22	7	18	4	164	478	251	47	264	35	555	309	209	175	114	67	50	1
17197882000	1703102	1	3472	286	243	214	281	401	361	315	275	215	183	178	129	143	84	58	48	33	25	1997	1475	536	1462	6	10	1	5	35	1417	962	107	68	11	7	19	4	115	230	175	34	172	20	377	167	111	112	88	58	49	1
17197882100	1703102	1	2929	297	250	226	248	254	281	241	246	191	171	148	128	88	57	47	28	14	14	1562	1367	183	307	2	1	0	0	7	2429	708	235	80	20	7	23	6	175	110	8	20	19	5	70	111	111	144	122	77	73	1
17197882200	1703102	1	4624	460	461	387	354	332	354	400	339	293	306	240	221	170	92	78	53	46	38	2416	2208	1381	410	12	8	0	2	52	2759	1350	481	176	89	21	77	7	172	197	50	27	38	15	254	281	219	228	176	89	103	1
17197882300	1703102	1	4259	380	342	277	271	277	359	395	316	277	305	299	211	157	112	106	85	40	50	2196	2063	2247	446	16	12	0	2	52	1484	1541	568	187	158	45	124	21	117	147	74	27	55	18	411	429	244	223	123	66	45	1
17197882400	1703102	1	3541	324	312	330	353	296	280	252	271	219	192	202	144	154	84	50	38	28	12	1803	1738	266	1481	3	1	0	4	34	1752	949	309	134	31	11	43	5	121	201	37	17	32	8	143	182	162	172	125	82	83	1
17197882500	1703102	1	2370	228	242	226	234	185	169	164	151	141	131	127	103	95	59	35	33	29	18	1093	1277	113	1650	6	3	0	3	35	560	690	109	110	26	6	29	2	75	239	25	16	45	8	125	147	133	102	76	52	55	1
17197882601	1703102	1	3087	264	253	204	173	169	276	256	214	237	176	186	175	117	97	80	67	66	77	1504	1583	1888	281	1	18	0	4	37	858	1119	516	136	115	20	152	18	58	61	11	7	15	10	293	311	173	177	96	39	30	1
17197882602	1703102	1	2931	308	278	288	253	219	271	249	216	190	176	153	105	77	60	38	23	11	16	1459	1472	838	631	3	18	0	4	76	1361	865	284	91	40	14	40	9	112	169	43	15	40	8	163	190	131	147	126	48	60	1
17197882701	1703102	1	2380	182	180	148	148	146	182	165	200	160	155	150	169	130	79	49	36	42	59	1180	1200	1596	145	8	24	0	4	37	566	905	408	77	85	17	99	15	48	60	36	11	37	12	257	273	145	116	54	36	24	1
17197882702	1703102	1	3075	270	260	204	348	297	256	231	183	186	214	156	149	114	69	56	39	20	23	1495	1580	1489	711	6	33	0	2	82	752	1044	266	84	49	15	48	5	103	217	100	43	87	27	284	282	174	146	83	47	28	1
17197882801	1703102	1	2633	163	116	128	133	178	182	189	138	134	152	167	167	155	128	113	113	130	147	1238	1395	1630	282	5	82	0	2	40	592	1171	276	84	101	27	198	14	80	75	121	33	151	11	571	286	128	94	43	27	22	1
17197882900	1703102	1	2361	182	184	168	150	176	201	194	153	168	200	143	130	78	78	44	38	27	47	1162	1199	1436	100	8	12	0	1	12	792	950	261	74	79	16	78	7	82	144	83	30	75	21	315	255	163	117	55	28	17	1
17197883000	1703102	1	3697	209	209	237	230	229	219	200	199	175	233	216	224	202	157	159	152	164	283	1700	1997	1421	1364	4	21	3	6	53	825	1224	405	184	76	14	73	14	82	104	69	20	175	8	393	314	179	150	98	61	29	1
17197883100	1703102	1	4247	323	310	330	316	271	287	277	264	259	295	300	274	261	159	115	98	56	52	2117	2130	1208	2275	12	8	0	4	92	648	1509	517	238	123	30	99	7	99	232	70	17	64	13	356	445	277	205	123	56	47	1