8139901
54722
18844600
7702800
21684600
37981
2601500
58030
3646700
11978301
1526605
45348
7886901
11139200
34497
43743
56292
65813
18726802
53508
46963
17651201
22572700
62829
17729300
18830700
65425
16511302
119034
16316001
36998
7969700
5872600
12242201
48400
52267
10014101
5350200
2128404
48231
2785501
15872300
14668000
1274000
12830800
12337000
9178900
17943301
9233000
8110000
11115801
7054900
1566300
18540500
18151700
37231
19382900
8135200
2535500
52120
49435
55229
42734
173702
1826300
95284
17796702
57368
12245600
53682
18487900
19252400
335601
4735600
469101
74987
81205
1759700
12012800
1818701
48523
10947100
3822900
745300
23822601
6712600
10770900
3000100
19038701
2515200
18942502
50095
97320
18936501
21729101
1003000
4515800
21988703
16172500
36372
2093802
10442900
66344
13838700
15715703
4339401
8744400
1872001
39292
7859700
38451
6716900
16293300
87851
41726
11780100
45235
59710
38783
1403001
45915
2826903
92442
2057801
2105801
795500
874701
15865702
23823900
47835
2259601
3201201
2709600
50514
53828
10289600
3011001
1360600
40134
34676
9483801
6796100
1961300
47870
11286600
8545101
42517
87661
4013801
1209801
4044200
53127
8659301
1564000
67867
1920400
31880
19222400
46283
406700
41867
15741701
7918700
57485
12933900
22426200
3335401
42481
45306
11271400
37301
1341400
9670100
2384700
22973800
7274500
9068601
216001
1163000
4842400
4264002
55310
8150601
1542801
414801
22788801
21548901
10993301
23835900
40963
23665500
51328
18850300
61275
23493300
5201101
23089500
58576
1314501
15589701
48283
2845000
46085
71555
2782000
6467000
22799100
19330300
11070501
367300
8713700
66001
20495700
16025900
23237800
11973600
572001
16680300
1511500
13417501
12197400
13048500
57550
60093
49716
1570300
14629300
39091
17918601
39656
20328400
14777700
5056100
51348
63918
7705300
13263602
4754401
4434701
21776900
14024701
23828600
7870500
45041
17882800
1049300
9087900
1082400
19226300
7929901
39119
16574000
21912100
1355700
5584401
10925000
3272101
13590300
11369100
58987
40968
13342301
9479900
16737600
7290801
62311
11135000
64332
7123902
10757700
5363701
5219300
6918900
11959701
55268
76343
37211
23164301
49034
2280401
8086600
61802
63408
58141
2766700
44807
6632600
16491901
13244800
45182
45766
54523
18009501
5070700
45413
47113
7947100
20041702
63422
7190900
60733
22424600
44827
713601
13268401
9859300
38245
8663804
463400
8373301
1789100
379000
4705100
7264300
1431801
21020401
3902100
1160100
52620
60713
856200
48724
38933
22747401
4594900
2969301
81206
15891902
15545900
53806
14095600
2283101
1841700
61410
98324
11195400
42841
5184100
6614200
7997000
546000
63950
48764
63229
37336
417102
21477103
46105
55824
15675301
11950101
12431600
13619800
3029401
15994102
17045502
165601
10729600
1797400
41697
38353
21387200
365900
74001
4582501
45473
58065
5379201
8023000
1261003
76212
22911300
8416200
14750300
62139
2307701
15977604
8997800
13077700
17240401
14677300
48062
39627
50684
8169300
101501
36379
63249
4568000
50851
61497
61494
18480700
23644700
16363500
18571700
12061400
9090900
14092000
6290700
48716
20217901
11076201
17813700
54254
1377201
43349
61281
5258300
636000
63756
1467000
143600
23144700
10646200
100087
12633201
7138401
57482
44700
17934001
22560900
4299200
61955
63556
7137300
9882601
16321102
14481700
16090401
4431602
18689702
20603200
1441300
60595
38414
40297
13594200
13632500
4532002
86683
63739
10998401
16235600
964900
6162400
4011900
18542400
6190701
79622
4353401
50252
43260
11215301
9471901
2361601
7585100
49401
1211900
3369500
23669000
5894800
352001
4560900
96533
60131
43035
9587500
41967
11778800
15689102
23251400
20975500
1005800
18804400
6484701
8511301
2203702
7952800
51583
60497
6492600
7289200
13429800
97873
5885300
23714104
55273
64837
7860900
9293401
37736
57685
920500
23834402
10699701
59351
9934801
776201
19031300
23365501
14498400
54918
13530901
17768900
10983601
1316002
76800
4465100
1363701
45385
3332101
16264800
816300
61445
16047400
64432
45717
9433202
50962
13593201
11220501
17771600
2822001
7062000
149400
1407102
2089700
55019
69130
22621300
41475
19472401
2443600
48514
12379900
86016
52445
98804
3377102
15957101
47988
5978900
18488301
7393701
36457
44678
1439901
1974201
6449300
10388900
22760801
61175
13299500
18497800
3410902
49717
17706000
23098700
97932
3983400
48558
45659
54419
14035700
23133200
22488901
132801
19541601
2277001
6467401
19465400
1774000
64632
20203701
53952
68358
16401701
65955
62400
23268800
5289201
12083200
11255100
10563800
5341000
1623800
44957
19411100
2882600
18436601
17943600
17932801
8264000
41299
21831300
2816402
65918
48511
63806
13229700
10803800
64735
5228000
7875500
67391
7993300
22802500
3778100
2544600
40614
8719900
18345300
16934000
56584
18555702
52002
15750600
15672000
16476101
167500
64334
17990901
3597600
23449602
65675
7843800
485200
5882401
1590700
15632400
58355
18569302
14288500
929001
41639
11255600
13243202
16775300
66439
19483400
9406503
46456
19367300
54784
18252101
9953300
9902200
5887900
16954701
14592600
61452
1628601
55228
64162
2585800
2814800
46142
68180
19253201
63607
14484501
18931900
46600
56383
11254200
5879400
3770800
1651400
10649201
380800
4802701
22316600
3364401
21984400
18286100
2837000
49666
65081
11745900
2841401
51110
18459500
63201
18415100
43457
21488300
3285001
764701
59493
7902801
1747700
7095100
3152301
17908901
21361800
23011600
543401
21744801
45605
8040900
11824701
58007
10287500
18460200
3147400
2564600
62487
18437500
16807700
82105
61541
43758
93463
113013
1148301
23837003
18154200
2279001
1819502
10225201
14296100
1271300
1055701
1379101
1824601
8005301
13695001
65412
364600
22684401
9352900
1193001
1244300
2810301
52270
15971001
12946801
3072500
10748900
6558700
48965
11781402
1189702
62465
3848705
15684600
39916
63474
66154
2983802
69573
13067000
12088500
56061
52582
18574800
50517
14267900
18885800
1993401
23714900
61877
2414301
13719900
9932401
5234201
10022800
54791
19054100
1710800
60985
63636
2340701
3519501
9403902
2491301
51566
17938500
11824400
1416900
52401
13725201
19279800
532002
5030601
38521
7702201
65916
65719
3006400
53835
17991500
10312600
5457001
19143300
10242000
21611000
21417800
14802902
13076700
8646700
15796401
5339300
13019001
19076300
21276402
19606500
8007203
16970800
10530400
78882
17494601
2868502
17025901
15370400
7121500
16670000
18979201
20989000
15270200
13043400
1399000
19913301
10465600
14811901
67835
67834
22277400
23408800
14569800
502200
4780900
19701701
20891200
19066801
5364701
66941
15376500
9486700
13133700
17104000
12798200
11400001
15379700
14876900
4916600
10980403
19913601
14886400
19810800
791200
20402800
7754100
4206805
20041201
22753902
21273800
17151501
19672100
8413400
15332400
16809601
2862701
50315
14230800
4860501
72893
73516
16999300
19639200
18621901
5012800
20132501
20987501
16852600
11840001
22210300
10364001
8520400
13015800
55095
10297100
20964202
48631
17171500
76936
20799900
23352600
21163801
19784500
59703
20008300
19995500
87008
19058601
14407400
20035301
6755100
19129500
16869401
10490600
12992501
7896400
6905100
14871400
20429700
22258300
74690
5195500
16802400
11856701
10347000
67425
66841
11748000
12701700
74337
17050700
17155600
10450300
19468601
72140
17604801
23041200
19839201
5378300
12162000
19545400
5402600
20797800
12880600
14810401
68836
64480
46854
17067900
60266
19952701
6212500
14373400
20062400
71785
18855300
71861
5128800
11386900
21854801
55730
15349801
12676000
80255
18617201
21092401
19662700
20120402
20901900
16810800
17942801
17575901
19166700
19946201
93204
51632
56060
116000
70684
18865701
71825
16777000
19134501
13179400
19672400
14060200
65901
10462800
19703900
19827601
20413800
116886
7644500
6304700
7105800
6542500
20419800
6396800
10102600
8620500
16882601
9776101
11352603
19271601
58412
20102702
11560501
12849100
10789500
75851
74844
17586300
20052400
87655
20091700
76327
76814
76870
19468600
18961501
5391200
14993100
19087700
14199600
4847101
6587500
5470900
19168000
10380300
17978000
20683100
78364
10826800
5347300
17149900
58657
4846201
41227
75473
6423500
74504
76459
10360600
10455000
18815200
10202
71544
1383400
9488501
57642
5287300
761101
59992
12738600
57351
11066400
16907900
82228
81507
54412
89391
67574
75893
88535
4355803
7837400
73136
66665
73209
16629900
86639
21419700
751700
14322400
70054
1447900
23634601
74802
67007
22141700
91667
67764
65835
87732
73584
64952
8005800
77681
70436
62286
64163
75212
72149
72362
94096
63372
73862
71584
68220
72341
83819
153855
64913
94146
70494
70493
71729
62078
73734
68351
77575
62091
72982
91228
84394
74040
61745
69001
64212
69634
72615
93795
60367
1099700
67967
89777
6794300
5164700
62402
70919
69627
71576
63082
63089
69300
70762
65360
12974800
73410
3651200
84405
69111
66702
81071
80308
21759500
71865
70990
54137
219600
75571
70606
71807
72115
2454501
76629
76626
88563
80100
68619
72130
55109
89946
216000
79214
79725
16815800
72072
71793
96454
13233500
70564
90149
75136
89900
88506
76245
77585
76813
72038
68886
72784
72909
96923
79595
79936
55091
77885
64880
23251900
75152
83220
61397
72591
96354
69993
76387
69953
64294
98263
79005
75427
73895
73896
88490
81967
76365
76364
5181800
68028
76772
76192
74849
64821
74693
74692
19881000
80717
90925
83378
72840
65817
82591
70778
70777
76737
88472
86101
75938
74330
75293
67629
72826
2406701
88225
75218
81040
71327
72804
72805
89406
72774
72770
69607
75769
75765
75762
1005401
79332
107564
90322
75567
64070
18624801
13675400
84137
75042
16116904
87174
97945
83389
75726
10808501
68357
73354
69984
94164
94316
75292
90808
76586
73670
75880
75889
84397
75082
72082
71624
65230
80845
73924
79568
75129
22570900
67885
79237
73577
80664
70339
76076
77210
74742
15871700
95443
75165
10906101
99252
71276
77890
100184
75492
70259
78706
72934
97663
73730
73739
74834
13432100
65478
69773
11295800
86746
77440
78493
16599900
117889
89557
76510
22544200
87724
88449
85271
78240
78243
3411302
72671
77483
87398
78766
72445
90909
64367
7120202
13558800
81050
81056
81917
75699
74648
72157
72153
74360
75011
11874400
73409
75035
81105
86977
4077800
78668
44701
94363
68132
78354
86446
82124
21538700
75662
71633
86086
81244
113895
79387
79523
67600
88531
78166
82161
79092
455600
79581
19306301
14878400
78499
81350
80768
88195
74872
93711
1766900
64775
51236
4344100
65681
11459600
1919200
110366
77810
18733800
74383
2959000
1600200
84121
1399903
71289
2363700
3131600
41173
72131
73441
466500
1559400
68805
59789
67783
1375501
55315
74205
3334704
21590701
22911101
401200
654300
41528
805500
13706400
3042900
77245
68305
20835400
14020700
88887
2989102
52557
54225
50305
67539
12686000
2276001
23232200
14815201
20475101
89783
18828902
2033500
70521
13305900
16884201
67045
2895100
23831901
101344
16959501
10974502
18051300
12587100
16769600
61707
3274000
4489700
18942800
2068000
13799601
1857000
19994100
72600
19083800
58321
67219
67218
61749
74821
18206901
56912
57118
53038
4557800
19598001
6902301
2511000
121623
68256
81317
61809
53312
15770505
72981
1094400
73327
96077
102036
76328
23262800
53847
5306300
16971001
43576
11220300
20984502
11409700
75749
22839400
2534501
72490
1413701
74358
75009
16623502
67462
632902
75764
64392
46297
21527100
1053401
193102
20939300
3966000
668500
58080
4123201
55100
73067
18407900
104286
8143000
12851300
52610
12873701
433400
66985
15577102
15363900
6291500
4636000
2186201
82430
5329000
53744
8132101
75503
21441301
15609301
99944
20393200
1215700
67354
14886100
86474
11468600
69103
991401
84573
22890902
19054201
59222
131194
9158400
20793501
20807700
320100
62153
19081900
327100
20112901
15353900
7888801
92839
490300
14784400
18829200
64521
103048
8208200
80781
14826801
18309700
19615001
298701
15877400
213300
11272200
64289
64288
270100
70257
59593
87813
17645002
10023800
21490300
12902300
6930400
904300
16335400
41595
78495
19182900
8996707
65981
22919906
19557001
10769901
2048700
2869700
12977300
14099200
12580500
2919100
23560400
1759503
41029
45507
20494001
78836
88640
18389502
129900
1948400
2186001
3836801
1278401
619402
16852800
80301
18415301
117920
78157
19057500
10821200
21882401
20933400
79915
54450
19802500
232701
23604803
6401600
15741700
132102
2969901
19211800
19534901
12124100
117299
16849100
15268201
79745
65084
19217200
69074
68082
4610400
89784
134724
72907
6221701
83225
3770902
99049
15746600
4254102
22975301
80482
17496000
20307100
97829
6169000
6249601
12374500
6282200
76462
68181
14446900
73066
111946
82231
10687400
70121
5331600
18725700
93595
61242
89220
10394201
15216301
94123
89935
23775200
80600
20875600
88792
10697401
87269
89532
7253200
66635
21272100
14015401
16243300
73335
90266
66307
4531701
6212900
4612600
17213403
70751
21267100
76918
73544
78378
72088
68923
86327
98639
8210200
94320
103895
13534400
90647
71531
106720
79702
110770
81712
81542
79990
81830
68678
87065
85938
111932
73201
86580
114378
89066
106558
81879
7813001
79809
87770
109066
88826
9947500
81428
77145
8176701
105542
8571600
85873
96079
90923
80529
78239
72667
109126
92017
87502
78096
4356500
84956
88014
81740
84917
72458
105626
83877
79386
81516
13345300
80626
106505
106916
77787
78571
78363
18234000
79215
102485
21364400
86310
86118
84201
111458
77172
105654
81624
118471
88367
87605
76988
92630
11130100
77639
84001
84006
81018
77832
77830
74871
90264
22637101
77485
84343
103870
77697
103369
113715
82215
106011
12320400
79115
16593700
88979
87963
14316100
104019
83866
74039
81770
8723801
92539
127820
118775
89535
111794
69206
90607
12888502
70568
19257500
113511
129160
12271601
96477
104491
126560
105445
111631
21290501
68531
95859
92801
95473
80098
90187
108185
2788700
17769200
2050001
83019
103994
94058
108612
109709
10905101
110846
14265800
97131
85897
74809
69541
16659101
94469
109722
107322
159700
2811401
1798201
107405
7466301
7849500
111836
74820
81968
5289401
7366500
75461
98548
15831401
20709900
77801
88989
119360
108781
119118
93536
16641000
87508
10256400
72430
107301
74352
79146
74988
18735900
112775
934600
75975
102723
85478
74421
107734
111074
11227701
93042
9065200
79365
15231500
11028900
14438600
87175
69952
112554
8600101
14585701
75061
119032
120637
71191
84399
106719
69689
11648100
79006
10810000
8480900
107682
105419
88228
113072
107001
18395001
97734
115710
110895
78977
110242
115974
9610903
109905
5996301
8005300
68545
77897
16123101
107560
71042
112020
112897
85058
120965
76392
107664
81121
68582
85295
110817
114517
73295
72467
109926
88192
15978401
122583
108911
102212
106466
5865401
78835
116566
106267
19272001
86912
14232200
76699
82242
113806
74420
74422
90741
2149500
117211
75576
120861
12803901
16357100
69152
83801
88199
10678800
16703900
109854
110572
110217
20210301
112919
106666
128163
116376
109424
8660800
18843000
115829
96547
8948100
19972700
16222400
117999
113878
108529
110390
1310500
111114
92034
1727800
79324
10577401
12576100
106751
77764
128477
111058
109265
130658
114202
13702300
15401400
76782
108890
109753
8510601
90257
115075
1637800
13722501
13794901
13220500
112135
78284
11705501
108227
8708401
116581
110086
113494
13932300
118266
107571
110456
114565
12618600
16649401
102673
116458
104312
124857
105240
112606
9769301
115999
112776
15183000
113661
108463
8464000
131632
126092
133011
129768
124498
133532
110766
138773
16089000
126063
133382
21223200
130422
130910
130257
132536
130973
133783
130376
8775300
128223
128229
132972
130792
132439
131554
129275
131127
132227
127457
127804
133464
121937
121121
127697
115124
11644701
118591
127642
16529900
113203
107272
108341
128364
108803
15954801
109190
2818300
113142
108109
14748400
565201
134119
2399800
109932
8037001
5950700
9563200
5453000
21425700
9879602
11105100
114858
8499002
16675701
2746402
130162
129858
13711900
12851800
110669
120300
108764
1764402
133654
10568000
8484300
2414000
16386300
111397
8279800
110880
116078
131997
112614
8112500
107435
121898
16705600
8512002
110348
129629
125846
13691200
130812
13195004
8664801
129273
5867201
130193
8746500
129043
8507600
9865000
113046
9886900
109589
16105802
112314
131500
13801800
10686500
111022
114023
115061
15219301
110890
109381
15460400
17956701
133955
15794200
133712
1207701
114259
137278
136084
132271
138721
130256
134836
134995
136312
130149
134026
140351
137725
133228
135832
148315
135172
135615
138553
127814
129794
148351
20456300
427980
17470303
7560700
244885
19936900
23503701
18560500
17345500
16856701
16809900
3665100
14327101
7688800
4201401
2548203
5539201
420261
22500802
6566901
200000
17268400
7180101
1854401
17044100
20913601
19789000
23404001
17752700
307600
37500
2823600
19926300
3505300
271884
3142801
15830600
16042601
288187
22327601
22219003
16611200
291948
22273802
16861100
16091000
15596200
260809
22260300
22421801
268880
15786301
18472400
18922700
257995
22361403
15088900
17914701
20646201
22505801
1851501
22520100
22775000
22275201
3916400
9622101
10215400
3040700
16596704
19338400
14412000
11087201
6285900
15993301
22217500
22274603
4778100
307341
17786401
6843500
2810000
22253904
2049301
22397701
22163101
21642802
22170500
293017
21667101
22434400
22268800
15781300
3373401
22390300
15770601
16709700
19943301
15804001
1686701
22253701
22218500
16527900
16525500
259349
273751
283057
22491600
16028400
23480701
22388901
265926
22489201
21729001
22184504
265039
4449600
15770701
262805
16209604
3797200
16637202
16115101
23358204
16565500
260580
274213
22322200
263112
261964
22501202
16005200
16055701
8754501
16067402
19946800
16273804
22190501
279855
269544
268634
264996
256128
22244200
22572200
22399401
269489
4245600
18187902
21487201
3945800
22142400
16256600
22249500
22813001
875702
13024201
23752201
569200
268268
268265
22495800
269674
291947
22537400
22726400
268224
22475300
22520702
16565702
23163100
275854
20026101
22782600
300985
3845200
13554501
22256800
290611
268971
288035
22473202
15195000
13592701
22361407
268017
7793701
18066000
4129602
15908600
2295300
296434
22479901
22143702
21644501
21645102
17394700
22298401
268525
23631902
22826101
1393300
3347704
4470400
617700
22454601
21695202
14754200
2094300
20720904
15803301
6930900
294308
15977510
7029900
6553300
16288700
16714603
299059
15977101
297150
16444301
255156
23530301
4260601
15667300
22231403
270015
14220300
317775
313463
22346900
14579700
22194802
16564604
305038
22177500
295118
262973
312437
22132200
14387000
711801
16566100
22367201
296090
304239
14463600
547800
15766300
20986600
278727
303202
22832100
3785400
16214801
21647900
296917
22151100
16705700
16709701
268808
15895400
292264
269452
6036600
275271
267053
23449300
278541
19504700
22907101
22847000
21621401
294349
295214
6291802
21951300
293391
15798900
295138
21524700
266571
268108
12583102
23463700
17201000
22173701
21623300
4437501
261751
281082
316997
3688001
22392400
16097700
296126
15798001
16243400
22245300
279002
22387900
22644701
22305201
255598
1176000
16533401
291829
22481910
20890200
22714002
10556800
280011
291512
11829500
7130601
6383800
22499801
267869
22141500
17980700
289645
15758001
262662
291966
22142504
288852
22366100
22471403
8154901
22364601
256987
22199401
269097
21642800
22585700
16257201
23317000
22063000
13669700
9635500
22155501
16569802
22378501
21656100
22391701
21257400
264468
15954400
9886501
15818201
6162601
7903701
22471200
271596
16641602
276798
309014
15776200
22500401
22375201
276090
305067
299277
22228203
5049601
16863700
3483300
16160000
10149900
22140705
256376
265652
13236501
13196200
15076201
23236700
295854
268633
16625200
15977206
294831
16125000
333839
298000
20477700
278738
13599101
20675200
22366001
23838700
22174200
15774500
6205000
22202600
16715400
16581200
22128800
9138400
270501
22270100
10889700
279563
22493100
1437200
15780600
22361601
22333500
8725801
22398800
16561500
7236100
22538300
22172600
22432403
22413900
15397301
280965
274912
295977
306802
305134
15988501
22139400
16495300
16066102
11609500
5192800
301103
296450
16107500
23358607
296158
22882200
22690300
22186401
16520900
306178
272437
22203600
22593001
292080
22137600
16065900
265976
264881
296992
20651801
11056800
22464001
22546300
14363901
7999101
3927003
21440809
22238800
22567501
22363701
15795501
22303800
23503401
23235305
21669002
22399500
22316900
22273900
11648800
16251502
4124300
15842302
21471900
6259801
21783800
7566100
22340403
299267
2290500
22640700
22145100
301797
272189
23064400
22536200
3926900
19944702
304024
4257801
13682600
293412
296091
15792803
22555302
301206
278246
297411
16033300
22966101
280872
1937500
20346800
3130700
276047
16360200
21648501
22366010
16685102
22369901
16054403
6893901
21656502
21617702
21896701
6741000
16167100
23357408
21506302
15991901
297254
2253700
16589200
5864800
8544500
22343000
7176900
278896
298468
22842700
274873
22323800
16654900
292545
16152501
16717900
1576001
275331
10590900
22552401
22181100
22218502
4355600
9561700
276760
22248201
22529101
284074
307972
15832101
22012400
15632610
8998500
4657300
22257100
294974
17515000
16051603
16631503
280933
282067
287580
15888100
319176
16149702
22384901
22327101
4349401
22163704
22905000
1268301
23081901
16208700
23228000
4624300
16599901
16159702
13444300
15976904
16167401
22414500
7274400
5117300
7464901
591600
7778900
15995901
329846
301573
22418100
22467100
21081201
297215
22269201
286520
16561607
1088400
16411000
4027500
23155902
22276301
16593002
16650001
15901303
296274
16145901
16263700
22339700
22242200
302109
16004000
296045
277829
16684200
22255300
22678000
6562101
6479500
22435400
22131300
273177
22366306
22388100
21864500
16473501
22867300
291639
295414
10723700
1021000
23506301
303003
4719200
16545702
299319
57900
298528
296807
14595601
16160101
21615600
290816
22158301
15109100
15638000
23522000
19474400
20708500
9399600
306381
13375302
22133200
2803200
16008601
298245
10710500
4807301
22568401
22277002
16093604
7647900
7997501
12941501
6907901
16506101
16500400
3781601
299944
22390900
332562
12154100
18995300
293574
305293
1527302
4027900
21621304
5258100
103501
7373800
7145301
11669100
333553
318284
15750900
286661
531101
306716
328708
287153
18348300
348534
290974
313055
4116500
288019
307942
339170
321921
317439
20233201
283086
337044
278459
23237204
298307
302174
281854
298173
320037
5797701
21286900
18407200
299687
19283401
326216
333690
372147
21993900
437691
344900
305327
310949
322491
315866
321398
316771
298955
325384
3850500
388929
290522
21496900
316171
316547
316371
6161901
326688
299478
298606
328061
303336
301279
431077
362388
315658
296551
21762400
305999
10698700
369286
319224
308077
328240
312828
285829
315383
346837
373265
292183
309157
4432801
316824
9597900
19305800
322051
14426500
333148
327260
320541
300858
316582
325707
5482800
317862
14593801
429487
307398
299148
352683
15748100
429100
318133
316035
316037
298542
327912
18199401
427999
22157000
5708700
321266
301913
296679
435756
310221
310911
310916
314887
337619
275572
305131
315539
294757
302741
335813
303062
296288
327139
371427
22614901
296860
300511
314871
305483
312736
313952
311776
318818
318360
304330
314815
16085400
309316
313635
312940
16574600
318419
324142
328643
293264
335408
305979
305973
8419000
398152
307887
307464
292306
295283
312366
435621
291502
312775
4368100
8800401
356192
312591
287889
318855
322069
333014
11319000
302195
312344
312342
312341
14709300
311282
298119
11577700
310005
320885
282626
295423
437625
300711
373435
12557800
378529
14582800
310422
309023
436021
320619
316048
299165
296070
2248800
12871900
332063
321072
283492
307346
328471
331600
343898
295809
290180
19555700
5181501
319355
300037
329052
320264
306913
310561
436273
287566
341165
312086
337493
21954100
337932
6171004
309009
296769
296093
299159
304238
436921
7497400
6841800
293062
309451
304826
361746
15577100
333239
285166
303344
10000200
296740
327434
304612
330935
305692
21949200
314729
321340
438064
331685
302348
318291
340130
300266
308288
321106
354419
344153
16680800
436966
311821
337892
290591
2492400
435870
313217
318507
294205
300847
296831
331786
290788
298576
437246
297491
307382
311068
319243
328549
13529800
309194
368318
346337
16138600
303999
436304
331372
333990
294241
307634
303614
284618
11479800
292608
333444
343130
299492
337018
293231
313590
356548
296859
310585
314116
354945
296534
305328
297888
319763
14345801
331701
322797
378662
309306
290863
332349
283098
310624
428817
345232
8976900
321007
317645
339064
393176
315139
308853
312912
283525
321429
322112
364834
305346
315235
284739
437340
324868
317125
295647
329632
314224
15622003
22147401
11085301
299439
306391
306641
306646
329729
313142
324245
324242
347650
356436
357453
303869
306920
302024
342206
327594
8945901
360632
298855
335865
426398
6903701
437849
297579
302599
322696
339724
302102
311624
4360800
3401200
310570
304265
302692
332017
331389
324784
306549
18577300
21856101
323076
436720
302061
337549
306374
336638
318031
323863
9508004
336996
304545
323054
333249
283650
304818
438384
316280
330124
302533
313772
317253
300077
13417701
307800
306294
437092
309894
296510
338144
438224
14983800
328169
8469902
19393100
15473600
289547
312265
317569
309116
295918
328720
338986
310141
312017
326899
301919
21964802
424651
327183
309637
321986
317490
305912
15670200
314852
327660
5458401
345478
309373
13525600
2091900
314668
330432
332776
316601
14153300
336540
322071
300660
319575
7683200
3845900
336601
15550800
326147
323316
297151
9317600
10975800
304942
314623
359920
309873
2309700
327172
293263
297176
332996
315267
320427
284943
337597
322458
428473
333687
320364
4178000
308664
7657600
23621400
310467
342922
337844
319731
11232700
321039
21496000
2230600
22785203
316922
323409
307525
313408
306017
23279802
333086
318234
320484
305465
15824300
299440
330747
15228100
313105
318212
19991100
1960901
328586
349808
1680100
303264
359452
376029
353193
316369
313129
324021
312982
298050
342091
316648
318396
436904
320144
290061
288338
342633
313146
312431
11393901
311166
308499
7105700
307855
322000
428932
22148900
348281
361514
322497
369746
318525
313407
293900
348701
303363
315056
342958
310080
296332
16407800
317266
6677800
304385
306721
328719
357317
333407
313233
315967
313834
299303
301770
322362
289709
422826
20681900
315525
312060
377875
304089
22751501
7696401
438248
312042
315540
321408
316511
302201
305929
333013
326953
310454
287919
318630
4581600
362354
330194
302266
328797
12140201
304972
344615
341265
324631
299600
308670
320631
305188
336304
301771
332544
303177
327646
311913
303485
21578500
304132
436999
2043200
317681
287853
333890
300769
308156
11096200
8706401
329032
336575
312432
437132
319664
316170
331809
23263600
309031
295232
337966
317161
21228200
6936300
324229
1932600
318592
22348200
316764
341561
22405802
327011
316901
285692
315585
332387
297723
324412
317124
353652
318558
11398801
326786
8481300
313929
22920902
4415300
285454
328863
310492
347968
323216
335695
312803
316050
327097
361959
4471804
321613
329458
16253202
2710201
312679
320442
13005601
310690
335147
436102
295368
316696
7068400
17652104
298469
16046303
312714
335970
297286
4486000
22928901
437377
21695900
319823
339835
6247001
308120
314440
18037200
9480801
21461200
331544
438105
318404
4287502
305676
314676
15720801
7270901
1358900
5883800
325510
8671303
8599102
8481000
9402700
19532802
301035
314277
7588600
3468900
16068302
22462600
13289300
315667
8153600
310545
8257200
329123
22416101
338135
305696
296978
9469500
302967
325483
3338600
335301
2391900
2062101
317260
304382
328715
322419
20164200
313835
320714
312274
329282
303617
309935
1100400
387228
305922
320999
22360901
329426
2496903
14690900
308301
314823
7789000
332752
16151800
304397
8995705
5329300
13679101
18804401
3284200
337114
10795700
9437800
318412
306644
23297300
318751
16511400
337341
7683501
11080201
10574600
19460600
332833
320257
4073700
3732800
8490400
21250200
322650
328248
7377203
322588
21788201
22137700
22284001
329175
324478
797800
322392
8227800
16305801
15273201
2520500
12242500
10084601
11013500
325438
21234000
8486500
13534101
15703301
22158300
10624800
22574900
14323801
8487700
2975301
322769
9757700
329876
8462600
10615301
318704
15692200
328279
317757
5518300
14756400
13603300
12815401
322064
8679401
323606
9326900
14341201
6937500
518900
20284000
2022800
316484
15546603
324076
15937601
8505300
2378602
21619501
322799
8688200
10166200
16331605
321881
19601001
16227700
19367801
257200
16507701
13342001
13266200
10558402
326571
232001
1639602
15155900
8466702
21568901
22120100
326963
8529601
1314205
5022301
22744301
322800
6747200
12675800
324994
5165600
335251
16524400
3777303
19439500
305500
22945301
3873500
2659801
10989101
325488
9956501
436550
8972300
3525201
10306800
21917001
328908
5868400
20775601
2499200
14284100
7976500
2513001
13722500
319563
10577500
725802
20800001
3125500
19146501
9877401
7691300
14131101
5559600
4035000
6232401
199600
328803
8464100
8727401
12556100
1142001
15964200
7375400
8530000
23732601
15994701
3944901
3297603
18870100
19134900
9314201
21238800
18104800
302626
21810400
19650101
22180500
1452300
20102402
16105102
2030200
22131501
3208001
17957701
16996100
18200902
2910801
20218600
322346
23765601
481500
15179600
8321000
21700400
17152700
21089200
11712600
2508401
14832200
20016101
3289701
22636200
21900800
22275200
24900
9298600
3140400
16251000
274267
22210100
3221900
21918102
311786
22424800
16868601
1110200
3547701
336465
2273301
297050
321037
323591
318394
22255600
311955
19458901
23356006
16207500
307498
299185
22479107
273833
333041
10697201
382259
2375200
395367
312900
300710
351458
352421
342173
344525
49002
350960
16062900
360401
819900
339197
369713
15811701
341025
17059000
333456
3387701
333066
355237
334384
344384
7882900
335661
10212501
350704
347761
338583
352541
20658200
16756900
321421
331868
339044
341116
396882
334862
324200
327207
351735
1931601
343028
374944
378055
9061701
11830002
319034
333685
349862
344627
13440100
4267702
437310
2659901
349182
343242
22722601
22376801
337991
427248
354317
339026
338919
355167
16589501
339421
21669402
21656300
319017
336614
277013
11457600
22272803
353201
333590
22382102
303232
280737
23476500
5189801
22361604
4349200
22406400
2653100
22297500
274863
22135106
303043
22405700
21620403
16668800
22193201
22212600
21643900
10012300
15620801
20954300
308800
347346
22415501
8140201
22148100
278594
280270
18690402
341737
16688801
15980101
16563202
22315200
22249800
23632000
298110
280452
338780
15353800
16119901
283972
6734200
16659201
320489
22158800
15915500
337530
3029800
348866
262835
22341600
277563
362485
2372601
16265401
281337
347935
15996200
21627101
23454000
22498000
311253
22253001
279845
2359801
16680100
4236200
22359600
22519401
14562400
21626700
21650501
298826
344155
21660400
342501
5988000
339965
361551
437039
22907800
22415300
13213400
383167
22195501
297046
22158601
15797401
17518200
341035
21949000
18189500
22131400
14146701
15262300
327538
21627600
22515400
14398501
12763600
22174100
351540
308760
348407
15821203
16245900
22303504
22295003
278147
15774300
279298
16567606
18052800
22463900
281413
19422000
278023
268107
381497
16156001
16086100
16210800
22251301
1252001
22517601
13501003
15816102
286958
22138005
22212801
333244
9761000
7925601
19354400
305015
16061901
16004600
22215500
23603900
865400
14437201
16066100
22366800
280846
11833500
3996700
15737000
305749
22586100
22158200
303217
346199
15854400
2815200
16622500
284369
6550401
22211502
22253509
328979
276242
16224900
15841405
11625300
281723
4090100
13876200
14326101
13607500
15655300
15727502
19463901
298833
22359900
16621400
3804000
305709
22485700
301370
21503901
16522000
22414200
301708
21918002
22027100
22155400
309371
274644
278349
15981801
22186600
15763702
16589301
22136008
270887
16108600
331825
275855
301293
301292
22274704
4374300
301936
22513400
286033
14661801
10576600
1509100
21637602
16507600
22301800
15767400
298442
16623402
21625100
285056
280023
9113500
14990902
22253801
16813300
14573001
12140001
436125
22145000
323318
22525902
294775
22461400
315284
3092400
16096002
355820
18825600
16579601
16049202
16693101
22550200
294542
11759901
16448601
344598
6441000
22505901
17593601
276473
20503601
329239
23627100
280681
285222
281103
2457405
23732400
10812601
281665
16685000
16603001
22288700
22135702
5091000
12921400
16710000
22435000
16120700
286115
17383000
16632103
283973
23310800
16124500
15982400
356276
495800
16150102
360296
4316800
13504301
2402801
279570
9221000
20137900
18492201
16588200
18044801
300416
23036402
22462000
16102201
20957000
285647
3702601
16565705
16699800
348450
22507800
278690
21639100
13411101
279327
20643000
15722501
281181
6638200
280169
20995502
317587
725000
22290801
23460100
17567200
318791
10381501
16046203
303955
3704500
302071
23465501
276082
4278100
20232401
276336
1738000
16127000
294213
1451801
2033200
17369600
282276
9584800
12972800
16399401
286949
22163600
345493
21641601
4930300
21621600
19897400
2660800
23275500
10569200
22941002
22139500
22356400
280873
14801200
22137901
13642700
22360500
305981
22084500
20910201
16277805
293118
311121
286040
340437
356412
22413400
16194600
5745200
22517900
281275
22456800
276939
349601
16003601
16361900
279577
196800
22366600
5183500
293428
21633300
326405
16203000
22863700
22461900
16474900
279593
15965804
6637401
3795000
16190001
15586100
335908
6009601
8807400
321277
16158200
280565
16033800
15917700
14992101
11935300
22964802
4949200
22402600
18172100
289767
15954301
16545701
319748
23471001
313879
11492100
15831001
313909
22485200
22093900
362222
2543701
22144701
16559700
280934
361249
6206401
1377600
272639
3551200
22136200
21620003
16248902
22223000
6274900
22340300
273904
302881
13336900
15815200
16127110
22914800
298725
307137
6687100
22175400
299741
22963300
302401
322852
323724
9178800
16257600
11363300
283251
312350
21628802
22274900
8872400
7673000
6531501
22349502
15866300
282596
22249200
9821700
17502
22475600
303778
10096901
16502303
22327901
21454201
298371
16529800
1761200
22312801
22487700
20437900
19696600
15167800
14180200
16033701
9517101
22404003
21128600
357640
298144
3991801
16125901
336972
301602
329860
274072
4233700
301591
16293800
21948000
16502207
10838300
351446
16089001
286086
16248702
10924900
353555
22231600
6455701
22251400
22753102
16464802
303089
22482902
22481900
3021200
15977302
15658403
22382406
15996500
318019
22863800
309254
277208
4209700
2218700
22475105
20201501
304661
5053200
15771900
15753003
1748705
332979
19329501
317700
12033600
1282200
20568100
4843701
331173
4846901
22316700
310366
337049
16700101
346775
331852
315222
18480801
343254
21095701
307568
16295000
10536000
335343
3926808
12735500
300807
399030
17206102
304637
313730
569401
13576600
4090700
18180500
22219102
21451200
6492100
383347
348271
305961
12112400
379112
14727400
333951
428098
22303402
21827600
374594
3930800
307709
339898
328327
329357
334769
356345
354873
337238
329115
334909
350463
314504
327408
335528
324880
321492
325640
326417
356302
4179800
327919
321269
359987
320728
327111
356530
386537
326669
361663
315323
313612
323481
324378
324764
325608
327547
312737
5691101
318817
351651
7228300
329435
349089
2915900
321923
327638
349501
352824
315244
328436
328290
330810
325004
365500
338218
329835
345366
314179
317322
328045
325829
330374
327678
322889
319143
350322
316028
318686
335040
349463
400213
371949
317792
336006
425920
338269
320058
332354
15675401
321899
334185
348922
320263
346169
342328
323412
320797
345725
363392
330915
340722
340721
361961
318728
315393
341393
325235
355338
342679
337450
330159
369603
321870
324195
320119
324509
324298
340092
323411
313094
342245
345297
391678
353967
319046
320122
327294
321665
336572
315316
322991
322342
322343
333073
339974
331352
315332
314270
317605
335386
335482
328846
330463
307154
320334
313183
342500
328628
330820
316259
330529
331065
318579
324150
327163
331650
333693
295982
339848
347828
334036
324476
334334
341285
332694
332548
334269
334650
329822
321189
324867
337097
324267
327078
345636
329016
316158
339806
325030
335672
319405
336591
344820
359137
325313
352086
316768
328694
328693
332019
325561
335548
313907
323256
320251
326365
361719
309064
339884
348370
333101
333104
346992
346628
324436
325931
5160000
354468
329903
347961
325119
335994
324860
341061
319955
346384
357830
20042201
438388
318530
11708900
2871400
336406
346818
334925
348612
327195
327240
321169
371641
324539
350137
342900
336672
359571
323150
13332300
328769
352945
437771
334138
338800
8493403
333781
356492
330324
328975
340315
332897
431290
342798
328514
329171
321494
339954
329396
360839
352578
346227
327074
368361
340466
331150
334309
342830
321736
327098
323175
349267
326442
321822
16952101
366286
346032
346035
346036
312036
371127
339484
343514
321874
335107
342000
329151
346482
23505801
332210
352512
325720
335486
341857
344515
338166
344516
327914
327915
327910
327911
340321
341544
16047603
3994502
323114
328724
341006
349630
329451
1054900
16018800
361931
324759
359188
335127
334455
430784
346246
323587
348046
342026
332276
346262
335721
325603
328287
339723
339727
329986
359511
321862
346076
327326
327323
338646
349503
334553
338460
338466
358070
331910
344027
353939
16372800
323653
323655
325325
334850
346387
341108
324259
334408
323901
325764
335703
327045
342406
430881
324681
327955
319161
340797
335935
348492
3298600
333476
338518
313264
343123
332417
357896
354547
318624
14999300
328669
325260
329643
331959
333472
322784
322253
356573
327970
322333
330068
324953
421348
324959
324958
328892
22257300
359003
322807
337959
331892
326490
326493
326496
333006
353872
341752
15768301
327546
3238500
379359
18083300
325049
351018
326965
437447
329095
339138
327564
21541700
341922
328311
335385
331719
347481
353072
341252
324063
339210
343901
326169
323196
378927
358378
427919
348634
324332
324336
327346
327348
325061
326901
334022
338486
326753
328336
336275
336274
333680
341278
380055
384918
324991
337698
370665
319459
316105
331858
330986
342923
366411
341711
349527
329810
329749
332311
332765
16107900
343933
328547
335230
333759
318466
352202
355259
325278
349203
356216
324271
349268
356935
334872
344621
329550
320382
336923
1098402
327675
334271
335007
324049
332849
362195
325392
329761
340463
329768
325020
335647
333534
329495
9926703
334065
371195
322551
340885
357907
319869
326711
325254
320755
344193
350935
341107
329024
315780
336908
327600
343616
325537
19307402
334218
342695
358135
331816
318232
322089
337747
348696
348697
343181
346472
334414
334043
327877
327873
15828304
322165
340208
317068
338249
338245
366642
336371
336372
327651
12502500
324643
324641
324647
339291
325515
330513
334231
21751100
321293
356159
318744
312477
324006
327613
337765
329875
332802
349329
328230
333291
337973
329183
327851
15974300
326985
355314
341750
337516
329257
349969
378020
349742
334893
320055
10050500
328782
339948
18386300
321098
327366
336796
344240
354820
339618
377401
328071
321790
330731
329304
341675
330956
353224
360604
315846
373055
318691
323478
340741
325147
325145
323814
327265
346353
333484
333483
328875
331421
347002
367118
359869
331935
369704
322025
322024
336860
328274
336454
328097
346634
358518
20672501
345724
16692601
381991
332612
339647
331096
351124
342167
318952
352111
319392
338115
338112
329252
22586300
337236
314705
314707
336181
335576
437723
322475
322471
347023
334473
361740
361704
361706
330139
340115
22137900
341649
349347
317736
329692
329340
332188
2391200
316064
340939
326008
335320
358965
429814
13503100
348750
349083
340702
357237
1693100
352950
321922
329597
356094
334101
438066
347048
363855
337451
318521
318522
338307
338303
322079
351375
392348
370704
336413
340951
324190
320285
332223
324441
327252
343382
351166
365055
336649
336647
342809
332949
337278
326426
328774
324469
328770
340879
332441
319277
19395400
336432
328383
331946
354753
342016
341604
328568
322608
323609
324463
340144
332141
1764300
13773700
351149
348713
337257
338997
333401
341033
437746
322412
332460
339342
352695
318782
354594
334449
354776
349451
328546
324489
324488
21730701
340689
438150
339759
339755
328419
319060
337626
340056
323365
328154
326460
323102
16146902
328732
317540
356714
333991
342781
354576
377871
334421
348039
324133
346781
5885601
321466
419338
325777
324690
431147
431146
337392
321871
336168
324360
327513
317565
330862
332719
339126
326206
365573
327554
6835000
327122
362757
359714
345271
333258
344908
344909
323662
323937
331960
309796
350253
327940
319175
359274
357700
314805
351667
336539
376757
345423
345424
329248
339163
332733
334977
330466
354532
338450
356029
318142
330288
422501
328309
321422
335880
321685
346560
331015
330075
330076
332502
332501
338368
326153
322873
366717
328796
326973
1323200
333938
333931
339987
323510
328631
432437
331275
342477
321008
337883
330586
324983
347630
339206
10638100
319132
325585
334243
356832
342283
341097
10479500
355872
20738000
328988
331046
344426
342701
356790
361346
354363
364835
332464
337118
321976
355040
333366
310185
345619
339047
331210
10660000
330035
343622
326115
318247
348935
334658
404400
320614
320617
320961
314186
337302
321566
321562
325019
321703
321702
333267
333556
334013
341478
344407
331025
350315
345834
16213500
361366
337096
326701
325248
325249
13198901
325247
335825
321955
334840
346585
327806
321044
363932
339023
322367
345960
330546
347185
338771
333894
334202
335074
333093
350129
350124
359099
327663
324381
332855
348405
10660900
337321
335673
333539
331402
7262400
319099
316658
362028
341135
22273705
345659
322710
324658
8692400
330561
335586
334224
330697
341952
327606
326788
18753700
341507
333511
342370
341301
331577
361143
342762
356081
332640
324348
3984800
352281
324221
327033
345674
323825
316190
8701500
344255
337779
369926
340146
345316
325341
335635
363564
16587601
341365
322520
327785
343044
330714
361690
340963
6951400
356606
351463
343439
360612
396750
366611
8019901
334719
6007901
327015
1808100
323802
323804
331437
335544
330522
318571
368507
329556
328206
326550
342084
336035
327205
327203
329334
331902
324573
337547
15842801
326317
429370
325950
326033
343454
336634
326781
327788
352903
352909
317359
338801
325545
319609
318556
340106
366155
346991
324439
296778
334347
334341
341521
342872
358977
348294
350775
350771
350778
330901
340737
358959
310851
342275
375201
356341
346383
331692
342604
353442
7271901
339335
339441
339331
333830
339566
365355
328243
351755
376154
326596
348598
346979
346604
345777
18025400
345775
320566
15868701
7586601
429789
332172
314505
14416100
366419
360107
368734
355315
350795
18648700
330925
362678
22316901
334130
344702
287923
342661
356494
337441
330323
435735
325499
21930401
431296
342060
345286
328515
303353
305666
342126
346486
334841
341117
16676700
347289
344987
301899
338143
338145
344570
353765
356688
329946
361563
305531
23372001
366035
328709
334688
367637
337880
344767
317517
371125
330301
338681
338686
340869
351090
332455
337791
359305
311072
352352
20031401
347981
434439
354741
348064
348062
329626
322636
350444
339970
352326
9478300
363141
22919600
326396
315506
345047
352164
341582
332912
332913
348986
362157
350580
329459
337389
8150000
339171
337403
17250700
340266
330180
343572
343573
16130705
283008
346876
22725700
358586
5039800
328554
337183
352531
343373
343376
3127400
345790
316010
347796
335728
295340
335465
341835
347130
358850
342566
9947000
348219
342891
347706
341790
345471
3183301
350875
346077
353117
385483
338923
339116
331346
355960
382041
352398
352399
286036
336493
348538
340560
357134
346531
346530
331134
339333
322232
324683
339707
330666
330667
340025
340027
351672
333062
348947
336546
337019
350818
337396
322624
372987
3192900
330411
336710
336711
346115
336719
3745502
318157
344005
15832201
334415
348015
359720
337149
362341
349972
353098
356578
339098
361078
338055
338053
319141
336528
22070401
3120400
1180705
337805
336405
16587900
347342
301462
10567500
344458
13268101
327562
356035
355216
13043001
346500
373609
327171
337022
3180704
332290
336848
334549
22328600
16031300
8354300
326770
321924
323690
320162
330919
353710
346571
346570
344599
342506
343715
338031
338034
352033
343944
350177
341733
15938301
377540
297285
309732
337827
363605
333560
339680
336887
343936
338449
361606
370784
309758
356337
292082
373782
21626500
313815
359765
340633
344959
328334
328339
341132
344601
19403700
312171
342468
346552
348695
342677
371002
345959
339236
332558
343657
374787
348384
10278701
21832100
358317
322842
339839
339830
338127
349389
340409
379311
317084
4631700
2709000
318462
355784
13192104
337143
340242
338207
337062
337067
337069
8518500
355523
387946
336335
336336
345592
335784
317477
10258700
349843
343759
343756
306445
338787
371643
335005
342904
342905
382841
309770
1396400
329764
347436
344097
346106
334061
347279
335250
340880
340884
353094
342733
398418
339574
337088
351436
336687
348080
325251
342139
317451
346598
313402
334674
339019
349827
285628
345919
343776
23612801
343611
399661
334215
338509
305841
430689
361786
342967
338672
8998800
344833
340440
328032
346695
314532
342756
351454
355295
341122
356989
13408002
358471
352740
343794
343793
301882
328834
375722
334233
334239
331609
15753502
343890
336585
314134
337358
345492
333290
346677
336008
342304
16095800
332655
361687
370709
340954
340224
372852
20071201
354068
347232
11958201
343530
305054
335859
318008
346087
363740
351405
347932
324268
328856
344831
12118901
344246
359847
7072300
16575200
337700
16882203
359665
337379
322173
334973
334976
365962
371961
310384
346434
349163
315609
340456
342067
344498
343052
330700
337574
340971
23503801
341249
354487
351499
351497
19195100
402658
312802
307093
350726
360286
352251
324475
343208
343203
343207
295540
360451
523300
13194500
335554
335553
433356
355137
342986
372711
346258
350235
339894
323266
345188
336450
351721
336459
346989
344855
337939
345728
337936
336043
349980
324898
343077
339648
343074
330275
361825
313212
341533
342842
304232
349168
348779
348803
425690
372303
330918
330916
340726
340725
343269
347975
329505
301678
338933
338934
338938
342349
363701
339181
338856
336981
16417600
334299
13216900
342618
393361
345883
339458
339329
18374704
330134
355443
341039
326589
333116
333111
2311401
316062
346417
340936
340613
350226
326772
334337
335328
336662
314989
5011000
344931
328645
337217
343241
342266
334105
331468
1434701
438069
356338
347042
412478
338737
332792
333829
374546
338308
359680
372914
332885
335686
346948
349413
349412
346940
343380
356419
296503
429309
337268
8138300
341863
14230900
309901
375551
344594
340096
337895
339078
10997401
338979
331448
338814
342652
353499
5153500
361741
361969
337479
340878
339498
347060
365534
339490
339361
343830
328943
7699202
348842
346824
342015
304507
349476
312813
346211
316026
301715
3193700
344506
23338100
341593
318311
317854
356692
349595
9033100
357318
346021
302716
340850
374500
343501
336594
334500
354596
335112
1429101
318123
346848
16471500
339984
322974
328544
339901
339904
340681
373508
349906
343340
340533
367783
366368
333611
365434
342597
342595
353758
356505
343513
11398800
16709300
14642400
349025
345461
341013
13290500
338424
291866
339101
343157
331370
330357
345801
357843
355199
375252
331598
336749
334420
353924
14577601
369843
337195
343364
347782
357122
365233
8725001
333673
433541
347121
342578
342574
348802
354966
337603
343957
333079
336082
349000
350806
339061
339682
339128
340815
340816
336834
356776
334097
366900
434481
349914
338478
338471
352519
430872
330632
348014
340579
14009301
341192
344655
341225
432617
5909601
310584
309647
341170
339240
339242
348829
2249800
14141601
344049
304459
340012
328116
366732
341427
341761
9121000
350534
321238
368276
344461
344469
336707
366924
338459
354288
319325
372436
340982
341352
359739
348560
351832
320338
321316
342183
342187
331253
335418
335411
342458
342459
310812
346561
344491
369393
339085
361005
345982
339266
340355
340354
328883
392573
326487
333031
335961
340324
479901
387079
345159
346175
346174
363672
379326
429521
23154000
347374
321747
360276
339697
1141703
330446
310627
337584
306623
337138
340604
340606
340603
357516
345097
550601
336267
336262
437407
342471
353903
341267
333694
330053
318845
343644
343645
335034
335033
373654
341461
341727
297201
323726
341099
341096
22019901
363077
345171
346159
10390900
331514
344421
344420
338491
327533
368640
361342
318021
22107700
340625
349639
360135
292758
329561
332096
343726
356474
360757
342937
340125
335023
329775
377530
323546
326040
362182
362188
351792
380382
16356300
289934
339565
336032
343200
308135
323558
15545400
307535
344182
15995601
333301
342128
305667
376275
6603400
371581
371584
364216
6223400
347980
5822400
328344
347673
347672
347674
933902
378530
335070
338517
331822
15098501
320803
332324
340180
325385
347867
388942
333533
331552
331005
336245
359957
353580
338188
337526
370731
382109
326095
311275
335809
345344
336341
336340
13203100
356995
353919
341133
330988
7413000
371707
332059
347656
14009501
388881
369701
2923200
342687
342976
424720
5835100
321848
332874
345338
306929
349333
290317
4221300
333513
347224
316780
342769
332644
357908
355281
355783
341548
348855
15024600
348140
379568
335727
346099
360954
360406
338734
342953
354365
370968
337772
357432
340143
345312
349318
330886
340491
15775400
361126
369107
345803
347200
330242
340967
374473
359440
341562
341173
329071
108700
340775
340774
8552100
340771
364509
332011
357386
352474
333499
335547
338717
336192
319196
341999
344318
307766
330382
357413
308256
328202
328208
22594800
331416
342089
343966
333268
343076
334963
336031
327202
344482
353657
324576
332600
347771
347773
330274
340470
1095600
372887
308121
343453
351488
334366
360673
347246
335379
373595
315079
341502
344433
342851
354445
348819
329929
315445
350637
17294001
338903
338847
363904
353467
354852
3915600
333816
351340
359105
359107
328262
23404904
18567801
349420
345713
373841
346190
327226
321100
380858
350871
366437
366438
334342
338109
378251
341528
358756
348293
348296
350773
3922901
357206
349655
380114
388805
326573
365148
365144
312560
356120
359838
388117
322070
354871
332413
359340
16263500
354255
354254
314288
309218
346601
346970
349408
349403
345779
331835
317250
333595
364481
10381801
343398
360816
343397
383834
363994
4888200
347974
379905
374761
310513
378054
327749
370685
329960
329963
14865900
348727
323875
373018
340714
362080
347489
323401
320179
357325
347947
352944
342256
338945
341045
346015
432079
335529
338805
375226
332789
361972
339315
374573
359365
341692
325495
354236
366995
331409
336799
345362
376139
366196
346835
436745
342064
342063
341677
353220
423318
308941
346488
320543
319942
345756
345752
316059
314562
348672
352146
349341
360694
349664
12439604
333710
361562
359555
315778
345569
326414
314774
305392
1053801
337885
336136
342231
22345501
380153
363805
320776
332458
352682
332454
351320
352353
355439
393500
357497
326624
358655
348067
365076
383064
358214
320709
343313
329621
350445
323948
10579601
348743
326391
352167
394121
360148
438202
318305
379945
350208
350209
368773
327704
6662900
343989
332916
348180
21720200
338988
338980
317024
322141
326893
364337
345831
345832
339354
347096
311091
18050800
354585
334456
358057
346911
353917
23474200
359914
320587
351841
5549100
381903
376535
368092
376539
343278
360305
347137
373874
305913
353727
381014
299693
337618
350244
351558
301169
357281
401459
1135100
325197
386371
335914
358641
349031
345475
23553100
350870
299109
375423
316203
375640
360537
15699201
358071
358079
3980000
309769
301333
345260
349952
343318
18503601
340023
362587
340285
321659
331288
346247
346244
356556
322239
327485
354953
4603900
343949
352071
373557
359069
366582
351673
348493
341771
307423
345451
305154
362408
360217
371187
319756
351384
319574
382064
358774
375407
338663
358014
383576
361649
327437
370837
359491
17221901
345202
19537700
344916
343333
328666
335897
351805
364422
437451
335429
366826
346517
334382
347171
339097
361072
361070
350331
345998
361258
370333
352057
352056
322803
351656
353875
320666
348613
349690
382852
303781
330858
9704001
363886
345856
352607
352609
15483101
307202
375468
354525
430686
358134
334924
341657
359402
349225
345084
320345
367717
363411
334839
344666
367570
344660
331247
314899
344593
339215
359243
338037
3772601
351222
352039
360729
358993
322862
378920
339855
320428
360472
337822
337821
289010
345148
379338
314608
351034
351035
352627
360009
331055
6909901
339530
310639
339754
327504
23736402
355276
307697
366959
377377
374171
22484101
328629
314036
350032
5230800
346773
349248
350970
367590
341270
346555
346559
8253300
339239
347602
370666
374788
355045
308595
12332100
335664
322847
10683302
332314
377525
335172
346120
332614
317083
380558
14356300
328990
361995
3723700
344080
350363
318461
319599
356074
322123
373417
14379601
431721
306670
352808
316902
362055
327067
349260
329008
319408
321033
324603
343288
330005
343636
318258
334668
334660
320604
6617901
332843
7040000
301093
345361
297794
314178
314176
340465
321737
341336
347270
360593
365077
340887
361172
353575
353574
13040700
372817
318401
374357
336596
351431
306650
351437
382137
348083
356283
376246
367001
333311
355772
350680
344999
345647
322703
322704
347948
339016
349826
360235
347469
366643
356423
338762
366836
333886
302815
366783
358689
356843
369013
324392
345349
348475
371920
7141701
346633
341319
310650
353591
340203
357672
359436
351459
355298
357586
354166
341556
321154
312682
310137
320038
327026
315931
377714
344727
21179000
345660
346310
345936
352746
343792
328838
334180
328836
330510
339430
438318
378542
353434
341493
336582
336586
354376
358804
361459
372026
360883
391160
350495
347236
352757
326987
357947
339608
378284
340950
314910
354495
351475
360622
351513
316964
341572
376023
354631
342174
348159
14036200
345610
343228
344158
371771
23595900
346333
328854
365115
307345
310757
344308
382093
351770
357420
348301
323244
309068
337378
337377
351702
334978
365964
367234
291071
381311
322535
371348
369984
6730800
353430
361116
360825
343053
11698800
365581
347749
328196
330701
330705
357963
8584200
311828
424163
341516
356946
313912
342532
323477
323470
2469500
350629
22388402
345511
343205
347918
388527
15685000
349407
368478
388780
338707
338870
318566
9497900
365491
376988
7814701
1654100
5009301
346630
313706
349368
345722
345729
347584
339646
330278
380861
355721
356030
361820
336604
326794
315064
378799
304231
356960
348772
376656
350604
316879
360719
347972
387457
351915
2113800
367804
372403
363702
367478
336987
353182
346378
353454
353452
370483
317930
345889
338328
377212
355441
370443
311140
313891
336478
336471
344571
346619
349435
315395
336064
315644
327239
364147
315625
347563
339661
437399
351105
352133
11855900
326003
373275
348288
356237
359562
2124600
349662
349880
350517
352485
364551
335512
352087
322454
347040
342671
362001
316294
318529
431020
351373
314299
358884
402003
13568901
333172
383389
438327
335685
335684
358557
349416
344893
344895
317710
339945
367167
1598701
324504
13386700
429799
362667
367299
318912
353429
9307500
352156
22707204
331145
355091
374205
315029
17152200
358944
337668
324296
364913
357789
306703
22339902
330957
290597
341053
338818
356310
316452
357805
342650
337471
430931
360564
343528
308040
21526000
12465801
334469
346821
368973
342014
353966
349475
371472
367106
364109
329380
364450
352567
345741
346212
363152
343678
321601
995703
381435
351141
14460202
341847
373509
341595
354924
424369
349593
338996
329442
431178
357860
357862
15731700
369788
347088
347089
347087
343502
385445
360176
430771
318121
307606
348506
302545
343229
302543
346905
383078
386137
323624
375731
339902
367122
364473
303636
317202
321447
6672100
364789
365433
339750
13823901
340995
356506
350214
350219
327905
17174100
16983601
343973
361818
314339
340052
328151
311867
22183500
362839
348993
368147
342202
302737
342205
13228901
364642
324739
369232
339107
347313
336812
361920
402431
434417
375653
359336
343560
353322
16128400
338419
13766200
333192
358068
359195
359194
348527
11418300
350475
349926
349925
372365
319288
346547
335731
363376
364418
342415
342413
346250
356525
353737
380044
324964
330651
343952
374261
340030
348209
328137
351601
10818100
325186
7163802
320691
345447
345448
4108000
327315
353125
15900002
340814
336832
340290
355606
344374
352387
352382
334090
361901
336765
373481
334548
354559
9154301
17410100
346020
369860
340159
359715
362377
344903
321400
345054
323666
11607600
380242
18872400
329091
342435
346503
15977401
361067
339713
339241
338047
382798
343680
366599
366041
326399
22550000
335945
348957
349571
367459
3407500
333465
350825
333246
364607
18303201
15702400
370420
336705
334569
335170
327576
2281700
686800
358282
436862
353846
351831
334825
344675
367546
344581
352341
371032
365764
380266
385565
359258
340352
359252
330615
359031
359039
336906
333034
7131101
341742
354073
354076
372095
350519
291541
362072
367397
364379
325059
338866
20505701
16505301
430922
365024
375450
339524
20966902
327516
356008
342334
2954900
372792
22383000
368502
315990
345239
345094
21926101
353326
363460
437404
358593
333696
353781
2526200
313083
355054
323117
326175
341463
307473
320981
348626
349394
337859
345179
360032
334031
328982
345116
312353
487300
356246
21541300
339543
339541
338492
359918
353549
5410800
353544
355269
354791
23013000
23252600
3744200
354137
352833
354133
357534
366341
326723
336307
340386
349701
350967
312167
345612
363917
355517
2014001
339225
370679
356471
356472
9653300
5096900
338572
305430
334657
328426
323702
351156
345118
351799
304914
357027
373648
347266
360589
360586
341693
361988
312336
312337
381161
319874
375588
336030
343201
352816
352815
340648
348896
348893
335826
344180
309558
1949901
350943
353020
353029
8762500
7140100
363937
347982
345961
356456
325813
338772
360772
365307
333896
335075
331824
383997
354329
354328
353802
14785000
324078
334673
322890
293310
15488900
340189
345350
391772
309768
16386400
328002
390330
347866
362376
380508
367261
367267
437639
437322
310641
350333
339477
340216
335083
344294
350072
359407
352234
14290200
588500
358465
353009
356625
1076800
371706
345905
312293
346309
316312
316314
346799
368406
366821
1567901
364232
342681
306045
374883
310432
331808
350464
366796
314204
344828
339916
342373
346467
347225
335261
327847
353615
356221
327595
357930
339899
351199
366498
343415
355289
366679
345795
361197
335863
376012
348857
342169
341150
341159
350679
315407
334886
371898
362000
349811
371096
10605500
351297
352083
344783
437514
355668
360306
358104
354810
354812
360751
9514300
364313
18792400
372035
345318
429967
344809
344808
321502
320271
367197
10207400
330356
322524
324593
317750
347201
337568
7520600
299475
325978
392235
392234
356954
356955
354606
342148
349789
372195
372197
340770
351925
23775501
9368200
346665
389959
335546
331654
347582
353401
686900
369679
369671
343596
359651
304525
366280
323250
328204
351719
386430
362903
335133
349379
362639
317291
317745
380650
344481
20638901
371354
360859
356586
13599500
375059
355710
338594
5394000
360670
336635
336636
315073
354446
353293
313925
329921
354196
348101
350630
309443
23392900
340750
352453
352452
352450
347900
287733
344230
375261
375269
356366
8505600
367240
318557
344296
353780
356108
342997
333819
355457
347267
16621200
375361
343000
348013
378782
350614
372335
357205
2096400
338924
385340
4911900
352315
352316
359168
342044
353208
320748
329377
352555
358334
355962
366416
370068
335334
354408
354409
364101
371818
327650
2053500
343552
349897
355675
339313
354235
13682300
430749
354387
387723
360838
340508
365267
336655
354930
327095
359557
348702
3935900
352965
11848200
367324
374512
359708
354740
350440
363320
8729200
365427
344510
382927
340062
354003
18409100
426067
355639
328936
348514
353916
309587
337188
371621
365226
344533
356533
315096
350267
345474
352392
897700
361666
354704
424675
379402
357547
348535
346797
365806
331287
373937
356555
353019
431686
357733
376721
358629
360641
362118
371182
355803
375405
357556
350386
370299
358015
361646
337140
367881
356576
339274
351655
372664
362285
358359
345433
329780
363662
365541
373422
358030
346977
357505
351825
363416
428837
353071
352662
388070
351221
350254
360721
353859
348639
14196900
371793
362201
355908
352622
368248
372782
362073
363295
349863
350159
376929
386518
325473
334003
353556
370502
409680
367026
376265
353312
330555
345979
356444
21606700
11826500
342907
356864
334667
361412
11648001
329760
340889
353579
339592
351881
352676
342130
349894
375741
382720
351539
366833
360786
360787
330681
370954
361439
377076
362206
348473
742700
357076
384874
357922
361844
361845
369540
355562
355560
358472
363769
16570301
365687
360413
325516
344227
370395
341492
3149900
372027
344815
324642
342770
355761
354496
351474
392087
332901
369323
368458
15422800
355156
357165
345306
7744100
340941
367186
373839
349167
365585
370769
352283
378009
369499
352914
364517
344265
368513
353477
355138
398163
351720
358514
363533
360846
360843
330277
381192
385149
355034
364574
347027
354862
352325
354242
368930
383017
346618
6921301
347700
352132
382195
360645
342831
9715501
354477
349884
350884
362894
341075
801
356339
359822
359354
359357
359353
16072300
358888
344091
358227
326324
347544
362665
431342
356312
357801
388145
359378
359154
366210
346826
345295
363486
356005
382950
368768
361558
359524
348711
357312
364893
371450
5535501
364470
3901000
321999
367787
367877
354904
359051
351996
358674
339100
355995
357849
13722200
352528
381938
363375
347129
356524
354968
6507101
382269
11872800
345441
370178
357393
352384
338656
376481
354737
354738
354739
361069
330098
359278
382535
357709
362296
350826
360076
357692
352827
357579
344922
344924
12543202
339080
351233
355038
357765
382513
374329
366367
365851
347498
343704
339207
386138
335037
366774
341460
354898
14895701
377555
367918
334037
356248
356247
354792
370510
352836
352838
424255
321978
362069
350964
347610
370671
355070
438345
874800
362189
351793
369167
370530
348385
354114
350944
353796
347983
325814
356870
358327
10626800
335679
367262
1109000
364686
437635
346875
353308
370753
363903
369558
352745
356999
353004
364273
347477
332058
347470
2604700
366530
356859
362238
350282
19062503
363014
362161
896800
376017
350717
362008
345929
437515
335869
359851
354364
358810
370962
348448
314975
365970
351411
382672
351462
392238
348934
389746
353862
354561
357381
368196
383422
366135
373826
349992
354998
354667
371504
332034
357369
388533
338849
363866
343863
378807
358504
349359
373847
371381
364719
379039
355596
360656
356912
358978
364923
367408
391854
348126
365632
368483
375206
378440
364320
353200
373866
371311
343029
341893
354401
381700
356660
356669
357221
392654
358892
356910
431297
362517
376866
358231
362473
386494
344164
359554
357247
362867
16530600
370182
359307
348060
377603
363497
373518
359534
22716600
366221
374356
354589
376397
352533
365223
386592
356884
362211
365123
361660
368980
369588
342407
385551
351269
382522
358034
352668
402468
355497
365563
366910
358016
384950
361077
351244
358607
364365
358035
370810
8562900
353207
358566
347106
351823
17600501
357173
367716
350995
356543
361016
369030
366092
378674
379780
363068
352625
352626
373895
375443
350344
352047
357694
357524
358412
432420
342469
383497
380556
367900
367903
412264
361997
378192
10415900
10571301
366354
392068
346710
353310
364224
371065
371064
360906
364041
347198
22598900
358153
358338
361413
329763
363027
2199800
372810
369567
370526
16377800
340674
441100
369366
400436
369093
361784
361788
359628
336378
361155
332674
385298
11758001
362019
371716
371711
364088
364087
380743
329873
359602
356239
384856
364749
370707
362563
369327
368329
356394
356395
366875
393546
337706
358390
15836301
387310
362977
367450
380330
361806
326306
366467
364979
1702301
364516
22770800
354844
375989
369709
393561
357184
388648
355584
377913
381731
354982
390446
363251
8481400
373647
361702
352329
353217
362645
358618
340931
375026
351104
380122
338838
355682
359685
357790
347720
381950
375557
377402
357781
353466
361460
395944
374561
370226
353968
363484
364106
380080
343672
360352
368377
365417
361884
350234
361555
374509
359313
343507
358266
353754
359504
382205
362833
371846
368148
363781
357848
359997
354575
383899
8973800
332246
345258
345787
16561703
363990
382917
354967
369456
367969
362816
421892
384530
370822
372469
9925302
355014
362298
360292
22367306
381451
370804
359315
351833
365831
367548
355033
15774001
365022
359935
359538
364817
372423
326305
333698
374791
8470900
362256
362706
352636
395107
365040
361615
337070
379490
358425
367586
367582
341284
364582
364231
356473
370677
384277
368588
373324
348939
381009
353829
363580
355890
367935
361364
11911200
375589
379116
359093
377513
364029
355510
350927
367017
352752
356431
368401
388088
375755
366632
346687
357599
352857
364257
345926
365127
352082
333858
369928
357042
705500
361697
355777
17645602
353823
361402
357382
357389
351926
360420
370904
353247
349376
403134
1981101
359462
356974
377763
363240
363719
13634100
437966
329174
3013301
20236800
330308
340863
384246
367307
17734900
334458
13117301
13442700
22590601
13197201
19618401
4836800
358622
21971600
13492901
2336300
331891
356298
15980500
18457200
333922
361628
3002200
10619201
21103400
320361
16557200
430394
17237501
5144100
6813300
354783
352801
358339
378713
355291
7277102
13741201
329723
9121800
5020500
10644802
21230100
12254500
345184
359804
366166
21853500
329124
1257601
1084000
16218300
357780
419701
385648
22726904
368765
327719
357865
6174300
359338
353120
3834200
355603
16213004
329428
18100000
360293
327577
10310601
329224
327351
382167
328634
418374
325859
622101
328989
6601700
4844100
16614000
19508600
363585
12243501
8561201
1382700
360912
425566
22647300
331978
10653900
374083
329864
14726300
8723500
373956
4272600
19988700
11867000
355715
354990
387446
15600501
19948202
22166401
7972100
342509
10624200
14373000
339753
331517
325171
2413501
332238
337124
302286
327454
338530
384219
345358
362942
339931
331424
360873
356775
314525
347712
375520
343470
13221900
329902
340730
351967
338824
328539
18720601
351406
363101
343260
336678
327406
21555107
334662
323159
7121200
342399
337882
23782800
338687
337794
346104
330136
348065
340695
340693
343351
332682
432229
351636
347845
430961
326274
330183
331587
489700
339910
332274
345064
343089
331776
8130201
375934
385929
18144100
354708
353931
323900
323333
327956
328452
348940
364344
375668
336084
344006
365820
341183
342425
339099
386085
345434
332599
369247
355823
7183801
319778
392029
346576
327996
356820
341085
330838
340422
360263
352822
339801
325213
336272
324992
347606
337694
337697
357750
341712
345384
328446
338305
326877
359782
328354
330013
322721
320381
336921
385885
13262101
325806
334274
358842
322818
349105
329497
329496
346453
335689
10127200
337206
332730
332731
377338
437232
328371
336354
358454
337339
342751
328478
344225
364741
2159702
324316
328000
332826
349162
348827
339086
327924
355134
337495
354263
336367
328090
343267
364571
336985
332404
332405
338326
331159
367212
341648
336063
341395
360869
438259
343785
340709
343245
18804800
330508
330157
340131
372117
351767
346803
336410
346178
332161
6478400
341975
352153
13882600
335304
342807
358945
338970
372591
341605
345036
339966
356301
354854
339162
339983
340682
351850
374244
351994
336745
378167
333190
13658600
347124
350276
369067
22587901
336766
335215
361675
327501
344650
347105
327946
339243
340371
355016
431872
9137000
358632
333461
355953
338451
330287
332010
332288
352879
320331
346749
355579
345405
340605
342467
349720
346767
2145700
350570
339909
387015
325287
372229
431739
328341
340397
350799
346649
349374
352211
325845
355288
356458
338774
335079
332858
349134
331002
375058
348515
329523
337342
328022
332110
330229
332071
351295
348335
376366
1044301
343212
332623
328692
331655
359879
356166
343594
353242
331903
21383800
337548
330262
340901
334770
326816
336198
337482
329134
9115701
337997
343277
330128
351362
329370
316680
352497
329581
331459
359146
330948
367925
351323
3175800
328937
371447
334675
362369
340569
321658
342409
323334
345871
378137
343921
328891
6116201
359005
379350
334591
340619
344937
321695
342502
339079
336503
336344
1079900
332555
356462
356469
371257
351571
349261
342480
353784
427632
340888
337087
382130
345645
331484
334211
339501
345661
344228
383651
336002
330891
373057
333485
337491
374059
334351
354987
329919
9120500
355447
372672
334930
324521
352135
360646
383574
340701
348132
298035
23363600
436088
371671
358765
342241
351314
328942
345031
12248400
362144
302719
334505
376810
365788
364787
350218
10341400
340333
333052
347780
363196
428767
341781
356897
346069
346885
359719
21502601
361245
340378
328445
323490
343173
327376
1234501
356289
360072
328651
16305300
356562
430859
351231
345401
355852
347376
334808
347499
330057
321014
365047
335203
326725
336303
363444
344635
332099
350142
356815
340890
369999
347671
344211
362210
342354
16462002
370083
355516
328159
324659
11840300
348685
329736
361329
340940
352256
363979
385585
328222
339639
352270
335542
331657
345195
12938802
369732
219301
2594400
17876501
2842201
15034301
12252504
2811600
12390701
23579000
410110
120501
14731400
37700
19229401
1049901
1371801
19283201
3209801
391770
390660
6002301
426895
1958701
10463200
2466101
1019800
767901
9430000
9770701
6701
392180
11608600
2907802
3101700
1858801
2297100
393039
3155300
166500
346400
700100